Image size DSSD X =
  -.2768187E-002 -.1192412E-001 -.3050616E-002 -.1710718E-001 -.3243831E-002 
  0.6425367E-002 -.2565854E-001 0.7866183E-002 0.3984977E-002 0.7900429E-002 
  -.1454639E-001 0.7306757E-002 -.1191048E-001 0.1450453E-002 -.4272318E-002 
  -.1671287E-001 -.2309527E-002 -.3069825E-002 -.9486851E-002 -.6969486E-002 
  -.1862363E-001 0.4197210E-002 -.1845012E-001 -.2541115E-001 0.4489860E-002 
  -.3640823E-002 0.5877938E-002 0.6237384E-002 0.9132383E-002 -.3368195E-002 
  0.9304882E-002 0.6221541E-002 -.3694323E-002 -.1574302E-001 0.2595744E-002 
  -.1216649E-001 -.2765508E-001 -.1419679E-001 0.1044925E-002 -.8425193E-002 
  -.2229727E-001 -.2147712E-001 -.5801829E-002 -.2603617E-001 0.6814171E-002 
  -.1838406E-001 -.1536673E-001 0.8980988E-002 0.1543130E-001 -.1071939E-001 
  -.8355542E-002 -.1505018E-001 0.2701468E-002 0.1067495E-001 -.6433580E-002 
  -.2750321E-001 -.5748161E-002 -.3994394E-003 -.8433219E-002 -.1098088E-001 
  0.1107774E-001 0.5254986E-004 -.8546217E-002 -.1032232E-001 -.1614592E-001 
  0.1019329E-001 0.1649301E-002 -.4024650E-002 -.8471821E-002 0.4585916E-002 
  -.2025759E-001 -.1589375E-001 0.1126219E-001 0.1376636E-001 -.1422263E-001 
  -.1543864E-001 0.3592665E-002 0.6378521E-002 0.6142254E-002 -.2198762E-002 
  -.3166881E-002 0.3449672E-003 -.4942615E-002 -.1577958E-001 0.1303245E-001 
  -.5935283E-002 0.4925850E-002 0.3721992E-002 -.6865479E-002 -.6286103E-002 
  -.2117441E-001 -.5895112E-002 -.6380536E-002 0.8289243E-002 -.9232846E-002 
  0.9881303E-003 -.1429124E-001 0.9053994E-003 -.8394910E-002 -.4773360E-003 
  -.1331943E-001 -.8598785E-002 -.7717452E-002 -.2529317E-001 -.5881114E-003 
  0.1263174E-001 0.4910367E-002 -.1120142E-001 0.3483009E-002 0.4797435E-002 
  -.2495352E-002 0.1384148E-001 0.2199680E-002 -.7302953E-002 -.2195191E-001 
  -.6870681E-002 -.5676852E-002 -.1159672E-001 0.3170178E-002 0.1972713E-002 
  0.8873959E-004 -.5548459E-002 -.1099455E-001 0.4093547E-002 0.4791718E-002 
  0.7837491E-002 -.1985648E-002 0.2311912E-003 -.1931905E-001 -.1210693E-001 
  -.1909791E-001 -.3554325E-003 0.8459004E-003 -.2374904E-001 -.6436552E-002 
  -.1744159E-001 -.1125392E-001 -.5900170E-002 0.4985509E-003 0.2456088E-002 
  0.4709374E-002 -.5383653E-002 -.5590961E-002 -.1086281E-001 -.1023867E-001 
  0.3751262E-002 -.1025780E-001 -.1282290E-001 0.8830218E-002 0.3410745E-002 
  -.1127583E-002 -.1077202E-001 0.9140593E-002 0.3716778E-002 0.1117763E-001 
  -.1488123E-001 -.4362156E-003 -.2206986E-001 0.2626945E-002 0.4276136E-002 
  0.7933308E-002 -.5437443E-002 0.9547188E-003 -.3390866E-002 -.7824713E-002 
  -.2257010E-001 -.9775057E-002 0.2033418E-002 0.3779697E-002 -.1124357E-001 
  0.4857899E-002 -.1535264E-001 0.3274529E-002 -.1979572E-001 0.1110373E-001 
  -.1208321E-001 -.2806180E-002 0.6130482E-002 -.1121818E-001 0.5525007E-002 
  0.4474988E-002 0.7668808E-002 0.5701909E-002 0.6308392E-002 -.2445756E-001 
  -.9575634E-002 -.1707251E-001 0.3420587E-002 -.7199746E-002 -.1373090E-001 
  -.1081220E-001 -.2657514E-001 -.4549610E-002 -.1878427E-001 0.7043625E-002 
  0.1787025E-002 0.1363572E-002 0.6318683E-002 0.5862706E-002 -.3698212E-002 
  -.7085212E-002 -.7654631E-002 -.5774602E-003 0.8249153E-002 -.1034734E-001 
  0.2606683E-002 -.1096898E-001 0.4092254E-003 -.2040616E-002 -.8575720E-002 
  0.1013735E-001 -.1679198E-001 0.7557925E-002 0.2291810E-003 0.9711542E-002 
  0.5129459E-002 -.3443049E-002 -.1640754E-001 -.3170109E-002 0.5330509E-003 
  -.8594984E-002 -.4729151E-002 -.4385360E-002 -.1133386E-001 -.6624182E-002 
  0.6027457E-002 0.8884882E-003 -.7569967E-002 0.2466138E-002 -.1940187E-001 
  -.1899865E-001 -.9320710E-002 -.2076813E-001 -.5742939E-002 -.2166530E-002 
  0.2336930E-002 -.1878886E-001 0.1675422E-001 0.3986366E-002 -.1498741E-001 
  -.9615393E-002 -.7943153E-002 0.1008498E-001 -.2773123E-001 0.7030379E-003 
  0.4402574E-002 -.2779100E-001 0.2376096E-002 -.1499011E-001 -.3361531E-001 
  -.1284487E-001 -.8792507E-002 -.1160085E-001 -.1153967E-001 -.9387784E-003 
  0.9350569E-002 -.1329090E-001 -.9764595E-002 -.1951906E-001 -.1398913E-001 
  -.6201556E-002 0.4219150E-002 -.2106329E-002 -.6372500E-002 -.6354816E-002 
  0.8949173E-003 -.1866781E-001 -.5622951E-003 -.1428241E-001 -.1632301E-001 
  0.8151319E-002 -.1310292E-001 -.9966398E-003 -.5147647E-002 -.8450263E-002 
  0.1975003E-002 0.5143322E-002 0.2077242E-002 0.9980535E-002 0.8219147E-002 
  -.6067692E-003 -.5281306E-002 0.1366311E-003 0.5147543E-002 -.1917795E-002 
  -.1974245E-001 -.1941989E-001 -.1434662E-001 -.1706163E-001 -.1914404E-001 
  -.2020052E-001 -.5351493E-002 -.8726762E-002 0.7504401E-002 -.3026458E-002 
  0.8182392E-002 -.9619370E-002 -.7094859E-002 -.8510066E-003 -.2053830E-001 
  -.1105435E-001 0.7312073E-002 -.2199081E-001 -.6992537E-002 0.6200103E-002 
  -.2382817E-001 -.3165917E-001 -.1090392E-001 -.7840471E-002 -.2369250E-001 
  -.6703569E-003 0.1387837E-001 -.1204774E-001 -.8835821E-002 0.4386286E-002 
  0.4366686E-003 -.7549030E-002 0.8488708E-002 -.1075294E-001 -.2940703E-001 
  -.1318466E-001 -.6661563E-002 -.1342135E-001 -.3783788E-002 0.7221496E-002 
  0.6745044E-002 -.1981626E-001 -.1226018E-001 -.5424425E-002 0.3198241E-002 
  0.8200116E-002 -.1525788E-001 -.1727110E-001 0.3180946E-002 -.1920466E-001 
  0.1171533E-001 0.1320507E-003 0.3924250E-002 -.2494918E-001 0.1043795E-001 
  -.1535514E-001 0.5788413E-002 -.1060884E-001 -.1627643E-001 0.4584559E-002 
  0.1989093E-003 -.8864932E-002 0.6502504E-002 -.1519950E-001 0.8579925E-002 
  -.1299037E-002 -.1075633E-001 -.1077427E-001 -.6497348E-002 -.1629050E-001 
  -.2391858E-001 -.4541320E-002 -.1302330E-001 0.1212069E-001 -.9675760E-002 
  -.1415516E-001 -.7114044E-002 0.6042767E-002 -.6719060E-002 0.8036928E-002 
  -.1855343E-001 0.1580655E-001 0.8690016E-002 0.9754293E-002 -.2501488E-001 
  0.4132224E-002 0.1505874E-001 -.1115335E-001 0.3081964E-002 -.1323710E-001 
  -.1973159E-001 -.9607863E-002 -.9867880E-002 0.8664386E-002 0.4517571E-002 
  -.9674388E-002 -.9143470E-003 0.6849262E-002 0.9827859E-002 -.1396549E-001 
  -.2692761E-001 0.1619587E-001 -.1603384E-002 -.9068374E-003 -.6790414E-002 
  -.2157039E-001 -.9278562E-002 -.9999081E-002 0.6931939E-002 -.2284708E-002 
  -.2766682E-002 0.1620702E-001 -.5616787E-002 -.1446060E-001 -.1569399E-001 
  0.3437924E-002  
Image size DSSD Y =
  -.1126435E-002 0.1258265E-001 0.2543728E-001 -.2522078E-001 0.1279184E-001 
  -.1137947E-001 -.1297384E-001 -.2052727E-001 0.1831529E-001 0.1080346E-001 
  -.8892197E-002 -.7301512E-002 0.4215784E-002 -.3200230E-001 0.3807209E-002 
  0.1243828E-001 -.1043549E-001 -.2187160E-001 0.1417196E-001 -.2382394E-001 
  -.2359103E-001 0.1685355E-001 -.3326945E-001 -.1637074E-001 -.1762290E-001 
  -.2569265E-001 0.3144814E-002 0.1534354E-001 -.1201375E-001 -.3701694E-001 
  0.8988907E-003 0.5639024E-002 -.8667672E-002 -.1211876E-001 0.3304901E-001 
  -.1746555E-001 0.4527844E-002 0.3147628E-001 0.3865333E-001 -.1002677E-001 
  0.3010543E-001 0.5184207E-003 0.1709565E-001 0.8086319E-003 0.1781120E-001 
  -.9181679E-002 0.1969687E-001 -.6880417E-002 0.7502979E-002 -.2490731E-001 
  0.7846007E-002 -.2994830E-001 0.1729080E-001 -.4985938E-002 0.1144098E-001 
  -.2896575E-001 -.9806620E-002 0.1757503E-001 -.2512117E-002 -.3688857E-001 
  -.3337672E-001 0.4376289E-002 -.2257489E-001 -.7780875E-002 0.5250706E-002 
  0.1010206E-001 0.7736649E-002 0.1000461E-001 -.1956516E-001 0.8276424E-002 
  -.2301169E-001 0.7572629E-003 -.8015215E-002 0.6388920E-002 -.1484016E-001 
  -.3435577E-001 0.2521745E-001 0.2079716E-001 -.2362600E-001 -.1632062E-001 
  0.1943369E-001 -.2149802E-001 0.2368492E-001 0.1423801E-001 -.2549764E-001 
  0.2886539E-001 -.2564110E-001 -.2857480E-002 -.3690827E-002 -.8420819E-003 
  -.1338268E-001 0.7532284E-003 0.1288478E-001 -.1847270E-002 -.7747773E-002 
  0.1027391E-002 -.2013527E-001 0.2736014E-001 -.1970556E-002 0.1199781E-001 
  0.6639908E-002 -.1040933E-001 0.2108507E-001 0.1968979E-001 0.1109443E-001 
  0.8546493E-002 0.3145924E-001 0.4025036E-002 0.2245567E-001 0.1295914E-001 
  -.2388549E-001 -.7514849E-002 -.1070492E-001 -.1049387E-001 -.1397958E-001 
  -.2186880E-001 -.1699317E-001 -.8213101E-002 -.4610057E-003 -.5520549E-002 
  -.1108874E-001 -.2693277E-001 -.8047282E-002 0.3167961E-001 -.7983052E-002 
  -.5460695E-002 -.2888942E-001 -.3192053E-001 0.1022236E-001 -.1682672E-001 
  -.5577057E-003 0.9190377E-003 -.5403752E-002 -.1995416E-001 -.1563639E-003 
  0.2530134E-001 -.1362221E-001 -.1065467E-001 -.2021008E-001 0.2779771E-001 
  0.1617514E-002 -.2810493E-001 0.3864070E-001 0.1395148E-001 -.1125647E-001 
  -.5985210E-002 0.6756840E-002 -.1875175E-001 -.4658413E-002 0.3982561E-002 
  0.1169809E-002 0.2148854E-001 0.5445865E-002 0.3505555E-002 0.1481703E-001 
  -.1130809E-001 0.2176732E-001 -.1113664E-001 0.4027854E-001 -.1057497E-001 
  -.2427649E-001 0.6076527E-003 -.2108473E-001 0.7169927E-002 -.3168897E-001 
  0.8076971E-002 0.2464273E-001 0.2042304E-001 0.3842932E-002 -.1716474E-001 
  0.1243899E-001 0.9468032E-002 0.3030019E-002 -.1271182E-001 0.2107711E-001 
  -.1677351E-002 -.2822795E-001 0.2064974E-001 0.2079526E-001 0.2527865E-001 
  -.2443232E-001 -.5966901E-002 -.2421213E-001 -.1130680E-001 0.1600300E-001 
  0.2943303E-001 -.1367364E-001 -.2726864E-001 -.9142939E-002 0.2021295E-001 
  -.1658655E-001 -.1881038E-001 -.2069098E-001 -.9451887E-002 -.2448045E-002 
  -.2067449E-001 0.8570000E-002 0.3406156E-001 0.5626448E-002 0.2327448E-003 
  -.2939554E-001 0.2273635E-001 0.1082442E-001 -.5862726E-002 -.2666877E-001 
  -.1507921E-001 0.1558267E-001 0.8131558E-002 -.2790331E-001 -.3244907E-002 
  0.8795718E-002 -.2519350E-001 0.2699631E-002 -.1996922E-001 0.2944303E-001 
  0.4798417E-002 0.3515686E-002 -.1213111E-001 0.1061348E-001 -.4172945E-001 
  0.2278064E-001 -.3915526E-001 -.5907333E-002 -.2498521E-001 0.1086146E-001 
  0.1507684E-001 0.2442806E-002 -.1437046E-001 -.2258077E-001 0.6960997E-002 
  0.2721705E-002 0.9915532E-002 0.1576662E-001 0.2828228E-002 -.4409524E-002 
  -.6163005E-002 0.9351353E-002 -.1996404E-001 -.1318807E-001 -.8672799E-002 
  0.9171470E-002 0.1189905E-001 0.2453724E-001 -.3168786E-002 -.2361843E-001 
  0.1746985E-001 0.6696544E-002 -.2100097E-001 0.1263399E-001 -.3306572E-002 
  0.2139558E-001 0.2372946E-002 -.2068967E-001 0.1029595E-001 0.2926595E-001 
  0.2846991E-001 0.1301445E-001 -.1406235E-001 0.2383463E-001 0.2495641E-001 
  -.1069762E-001 -.2274684E-001 -.3466701E-002 0.1491950E-001 -.1049012E-001 
  0.1722898E-001 0.2550265E-001 -.3384829E-001 0.1461860E-002 -.7560635E-002 
  0.9088613E-002 -.5922725E-002 -.3127828E-002 -.1664367E-002 -.1246962E-001 
  0.2050992E-002 -.8487568E-002 0.1545169E-001 0.8206978E-003 0.1673034E-001 
  -.4947567E-002 0.1811514E-001 0.2964104E-002 -.1026843E-001 -.3142958E-001 
  -.2732869E-002 0.5381234E-003 0.1415099E-001 0.1224053E-001 -.2153772E-001 
  0.5813201E-003 0.4456922E-003 0.2512444E-001 0.2582066E-001 -.2507272E-001 
  -.2350522E-001 -.2950538E-001 0.1212935E-001 0.2081023E-001 0.2411029E-001 
  0.1926220E-001 -.2195916E-001 -.3129059E-002 -.4833014E-002 0.2709364E-001 
  -.1742483E-001 0.3005521E-002 -.1977676E-001 -.4366455E-002 -.1570037E-001 
  -.1284286E-001 0.4299031E-002 -.2553737E-001 0.1581502E-001 -.1321375E-001 
  0.2131410E-001 -.1746582E-002 0.1272963E-001 0.1440974E-001 -.2635407E-001 
  0.3116896E-001 0.1118817E-001 -.1770915E-002 -.1203362E-003 -.1179715E-001 
  -.1677741E-001 -.1731862E-001 -.3930812E-001 -.1081277E-001 0.1816857E-001 
  0.1034879E-001 0.1235110E-001 -.1681641E-001 0.9031118E-002 -.2496994E-001 
  0.2043741E-001 0.3154275E-001 0.3405206E-002 -.7857207E-002 -.7586652E-002 
  0.2149364E-001 -.8814373E-002 -.2111592E-001 0.1652087E-001 -.2021055E-001 
  -.2872465E-001 0.5942568E-002 -.8671077E-002 -.7296292E-003 0.7838861E-002 
  0.2933645E-001 -.5266924E-002 -.1001675E-001 0.1674588E-001 -.3639401E-001 
  0.3287793E-002 -.3058528E-001 -.2965412E-001 -.9429269E-002 -.1037723E-001 
  -.5457825E-002 0.2106005E-002 -.3350125E-001 0.2711416E-002 -.3923719E-002 
  0.1155399E-001 0.1823548E-001 -.1400468E-001 0.7350543E-002 0.2004581E-001 
  -.1470321E-001 -.7589951E-002 0.2230605E-001 0.5312835E-002 -.1730336E-002 
  -.3841076E-003 -.5664785E-002 0.2196810E-001 0.5903684E-002 -.3460625E-001 
  -.1221186E-001 0.3312222E-002 0.1670241E-001 -.1351651E-001 -.1640687E-001 
  -.1347874E-001 -.9118531E-002 -.7375198E-002 0.1819439E-002 0.9178903E-002 
  -.1226758E-001 0.2221902E-001 -.1725087E-001 0.1911442E-001 -.2626142E-001 
  -.1360471E-003 -.2160656E-001 0.6301032E-002 -.2419661E-001 0.6370258E-002 
  -.8260474E-002  
